export const TERRITORIES = [
  { id:0, name:'Alaska & W Canada', cx:78, cy:67, terrain:'forest', def:2, adj:[1,2],
    polys:[[[8,50],[20,35],[40,28],[60,32],[75,45],[80,65],[70,80],[55,85],[35,80],[18,72],[10,60],[8,50]],[[55,85],[80,65],[100,55],[125,48],[145,45],[160,50],[165,65],[155,80],[140,90],[120,95],[100,100],[80,100],[60,95],[55,85]]] },
  { id:1, name:'Eastern Canada', cx:192, cy:54, terrain:'forest', def:1, adj:[0,2,3,10],
    polys:[[[145,45],[170,35],[195,30],[215,35],[225,50],[230,70],[225,90],[210,100],[190,105],[170,100],[155,95],[145,85],[145,45]],[[215,35],[230,28],[240,32],[248,48],[245,65],[235,78],[225,90],[225,50],[215,35]],[[165,65],[185,60],[200,65],[205,80],[195,90],[180,92],[168,85],[165,72],[165,65]],[[155,8],[175,2],[200,5],[218,12],[225,28],[220,45],[208,55],[190,60],[170,58],[155,50],[148,38],[145,22],[148,12],[155,8]]] },
  { id:2, name:'Western America', cx:106, cy:139, terrain:'mountains', def:2, adj:[0,1,3,4],
    polys:[[[80,100],[100,100],[115,95],[125,100],[130,115],[125,130],[110,135],[95,130],[82,120],[78,110],[80,100]],[[60,130],[78,120],[82,130],[95,130],[105,140],[100,155],[90,165],[75,170],[60,165],[50,155],[48,142],[55,135],[60,130]],[[110,135],[125,130],[140,135],[155,140],[170,145],[180,155],[175,170],[165,180],[150,185],[135,180],[120,175],[110,165],[105,155],[110,135]]] },
  { id:3, name:'Eastern America', cx:204, cy:192, terrain:'plains', def:0, adj:[1,2,4,10,11],
    polys:[[[180,155],[195,148],[210,145],[225,148],[235,158],[240,175],[235,190],[225,200],[210,205],[195,200],[180,195],[170,185],[175,170],[180,155]],[[195,200],[210,205],[218,215],[220,230],[215,240],[205,238],[195,230],[190,218],[192,208],[195,200]]] },
  { id:4, name:'Mexico', cx:111, cy:221, terrain:'plains', def:0, adj:[2,3,5],
    polys:[[[75,170],[90,165],[105,170],[120,175],[130,185],[135,200],[130,215],[120,228],[105,235],[90,230],[78,220],[70,205],[65,190],[68,178],[75,170]],[[105,235],[120,228],[130,240],[135,255],[128,265],[118,268],[108,260],[100,248],[102,240],[105,235]],[[95,225],[110,220],[125,222],[128,230],[120,235],[105,235],[95,230],[95,225]],[[130,228],[142,225],[150,228],[148,235],[138,238],[130,235],[130,228]]] },
  { id:5, name:'Colombia', cx:145, cy:290, terrain:'forest', def:1, adj:[4,6,7],
    polys:[[[118,268],[135,265],[155,268],[170,275],[180,285],[185,300],[178,310],[165,315],[148,318],[132,315],[120,305],[115,290],[112,278],[118,268]]] },
  { id:6, name:'Brazil', cx:184, cy:372, terrain:'forest', def:1, adj:[5,7,8,19,20],
    polys:[[[148,318],[165,315],[185,310],[205,308],[225,312],[240,320],[248,335],[250,355],[245,375],[235,390],[220,400],[200,405],[180,400],[165,395],[152,385],[142,370],[135,350],[132,330],[138,320],[148,318]],[[165,395],[180,400],[195,405],[205,415],[200,425],[188,430],[175,428],[162,420],[155,408],[160,398],[165,395]]] },
  { id:7, name:'Peru', cx:105, cy:330, terrain:'mountains', def:2, adj:[5,6,8],
    polys:[[[115,290],[120,305],[118,320],[115,335],[110,350],[105,365],[100,375],[95,368],[92,355],[90,340],[92,325],[95,310],[108,298],[115,290]]] },
  { id:8, name:'Argentina', cx:103, cy:472, terrain:'plains', def:0, adj:[6,7,21],
    polys:[[[95,375],[105,380],[115,385],[125,395],[132,410],[135,430],[130,450],[122,470],[115,490],[108,510],[100,525],[92,530],[85,520],[82,500],[80,480],[82,460],[85,440],[88,420],[90,400],[92,385],[95,375]],[[100,525],[108,520],[115,530],[118,545],[112,555],[105,555],[98,548],[95,538],[100,525]]] },
  { id:9, name:'Scandinavia', cx:391, cy:57, terrain:'mountains', def:2, adj:[12,13,22],
    polys:[[[330,10],[380,5],[410,15],[420,35],[415,60],[405,80],[395,105],[380,110],[360,105],[340,100],[325,80],[320,60],[325,35],[330,10]],[[420,35],[445,30],[460,45],[455,70],[440,85],[420,90],[415,60],[420,35]]] },
  { id:10, name:'Britannia', cx:255, cy:86, terrain:'island', def:1, adj:[1,3,11,12],
    polys:[[[248,55],[260,45],[275,42],[290,48],[300,60],[305,80],[300,100],[295,120],[285,135],[270,140],[258,135],[250,120],[245,100],[242,80],[245,65],[248,55]],[[220,70],[235,65],[245,75],[248,90],[245,105],[235,110],[225,105],[218,95],[218,80],[220,70]]] },
  { id:11, name:'Western Europe', cx:354, cy:323, terrain:'plains', def:0, adj:[3,10,12,14,19],
    polys:[[[265,310],[275,295],[285,285],[300,280],[310,290],[315,310],[320,340],[325,370],[330,400],[325,420],[315,430],[300,435],[280,430],[270,415],[260,395],[258,370],[260,345],[265,310]],[[300,280],[315,260],[330,245],[350,235],[370,230],[385,225],[395,235],[400,250],[395,270],[385,285],[370,290],[355,295],[340,300],[325,310],[310,290],[300,280]],[[400,280],[410,270],[420,275],[430,290],[435,310],[430,330],[420,350],[410,365],[400,370],[395,355],[390,335],[388,315],[392,295],[400,280]],[[405,370],[415,368],[420,375],[418,385],[410,388],[405,380],[405,370]]] },
  { id:12, name:'Central Europe', cx:401, cy:231, terrain:'plains', def:0, adj:[9,10,11,13,14],
    polys:[[[350,235],[370,220],[390,210],[410,200],[430,195],[445,200],[450,215],[445,235],[435,250],[420,255],[400,258],[385,260],[370,250],[360,240],[350,235]]] },
  { id:13, name:'Eastern Europe', cx:514, cy:245, terrain:'plains', def:0, adj:[9,12,14,15,22],
    polys:[[[445,200],[470,190],[500,185],[530,180],[550,185],[560,200],[565,220],[560,240],[550,255],[535,260],[520,255],[505,250],[490,245],[475,240],[460,230],[450,215],[445,200]],[[500,250],[520,245],[540,250],[555,260],[560,280],[555,295],[545,305],[530,310],[515,305],[505,295],[498,280],[495,265],[500,250]]] },
  { id:14, name:'Balkans', cx:466, cy:315, terrain:'mountains', def:1, adj:[11,12,13,15,18],
    polys:[[[430,245],[445,235],[460,230],[475,235],[485,245],[490,260],[495,275],[490,290],[485,305],[475,315],[465,320],[455,315],[445,310],[435,300],[430,285],[428,265],[430,245]],[[465,310],[470,320],[475,335],[478,350],[475,365],[468,370],[462,360],[458,345],[455,330],[460,315],[465,310]],[[470,375],[480,373],[490,376],[488,382],[478,384],[470,380],[470,375]]] },
  { id:15, name:'Anatolia', cx:525, cy:234, terrain:'mountains', def:2, adj:[13,14,16,17,18,22,23],
    polys:[[[480,210],[500,200],[525,195],[550,200],[570,210],[580,225],[575,245],[565,260],[548,270],[530,275],[510,270],[495,260],[485,245],[478,230],[480,210]]] },
  { id:16, name:'Egypt', cx:517, cy:448, terrain:'desert', def:0, adj:[15,19],
    polys:[[[510,440],[520,435],[528,440],[530,450],[525,460],[515,465],[508,458],[505,448],[510,440]]] },
  { id:17, name:'Persia', cx:633, cy:237, terrain:'desert', def:1, adj:[15,18,23,25,26],
    polys:[[[585,200],[610,190],[640,185],[670,190],[690,200],[700,220],[695,245],[685,265],[670,280],[650,290],[630,295],[610,290],[595,275],[585,255],[580,235],[580,215],[585,200]]] },
  { id:18, name:'Arabia', cx:583, cy:373, terrain:'desert', def:1, adj:[14,15,17,26],
    polys:[[[540,310],[560,300],[585,295],[610,300],[630,310],[645,330],[650,360],[645,390],[635,420],[620,445],[600,460],[580,465],[560,458],[545,440],[535,415],[530,390],[528,360],[530,335],[540,310]]] },
  { id:19, name:'North Africa', cx:349, cy:497, terrain:'plains', def:0, adj:[6,11,16,20],
    polys:[[[265,430],[300,435],[340,440],[380,445],[420,450],[460,455],[500,458],[530,460],[540,470],[535,490],[525,510],[510,530],[490,545],[465,555],[440,560],[410,565],[380,570],[350,575],[320,578],[290,575],[270,565],[260,545],[255,520],[258,495],[260,470],[262,450],[265,430]],[[260,470],[275,465],[290,468],[300,478],[305,492],[298,505],[285,512],[270,510],[258,500],[255,485],[258,475],[260,470]]] },
  { id:20, name:'Central Africa', cx:375, cy:513, terrain:'forest', def:1, adj:[6,19,21],
    polys:[[[310,510],[330,505],[350,508],[370,515],[385,525],[390,540],[385,555],[370,565],[350,570],[330,568],[315,560],[305,545],[300,530],[302,518],[310,510]],[[390,465],[410,460],[430,462],[445,470],[450,485],[448,500],[440,515],[425,525],[410,530],[395,525],[385,515],[380,500],[378,485],[382,472],[390,465]]] },
  { id:21, name:'South Africa', cx:376, cy:565, terrain:'plains', def:0, adj:[8,20],
    polys:[[[305,545],[325,540],[345,545],[365,555],[380,568],[390,582],[388,598],[378,610],[362,618],[345,620],[328,615],[315,605],[305,590],[298,575],[300,558],[305,545]],[[435,530],[445,525],[452,532],[450,548],[442,558],[435,555],[430,542],[432,535],[435,530]]] },
  { id:22, name:'Central Asia', cx:657, cy:123, terrain:'plains', def:0, adj:[9,13,15,23,24],
    polys:[[[580,100],[620,90],[660,85],[700,90],[730,100],[750,115],[740,135],[720,150],[695,160],[670,165],[645,160],[625,150],[610,140],[595,125],[585,110],[580,100]]] },
  { id:23, name:'Caucasus', cx:567, cy:199, terrain:'mountains', def:0, adj:[15,17,22,26],
    polys:[[[550,190],[570,185],[585,190],[590,200],[582,210],[570,215],[558,210],[550,200],[550,190]]] },
  { id:24, name:'Siberia', cx:741, cy:58, terrain:'forest', def:1, adj:[22,27,28],
    polys:[[[560,10],[620,5],[700,2],[780,5],[860,10],[920,20],[935,45],[935,75],[920,95],[880,100],[840,105],[800,100],[760,95],[730,90],[700,85],[670,82],[640,80],[610,75],[580,65],[560,45],[555,25]]] },
  { id:25, name:'India', cx:713, cy:371, terrain:'plains', def:0, adj:[17,26,29],
    polys:[[[640,260],[665,250],[695,245],[725,250],[755,260],[775,275],[790,295],[800,320],[805,350],[800,380],[790,405],[775,425],[755,440],[730,450],[705,455],[680,450],[660,440],[645,425],[635,400],[630,375],[628,350],[630,325],[632,300],[635,280],[640,260]],[[735,455],[745,452],[752,458],[750,468],[742,470],[735,464],[735,455]]] },
  { id:26, name:'Indus Valley', cx:630, cy:271, terrain:'desert', def:1, adj:[17,18,23,25,27],
    polys:[[[580,255],[595,250],[610,245],[630,248],[650,252],[670,258],[680,268],[675,285],[660,295],[640,298],[620,295],[600,290],[585,278]]] },
  { id:27, name:'China', cx:836, cy:149, terrain:'plains', def:0, adj:[24,26,28,29],
    polys:[[[750,120],[780,110],[810,105],[840,110],[860,120],[875,135],[880,155],[878,175],[870,190],[855,200],[835,205],[815,200],[795,195],[780,185],[768,170],[760,150],[755,135],[750,120]],[[870,120],[878,115],[885,125],[888,145],[885,160],[880,170],[873,165],[868,150],[867,135],[870,120]]] },
  { id:28, name:'Japan', cx:903, cy:149, terrain:'island', def:1, adj:[24,27],
    polys:[[[900,70],[915,65],[925,72],[922,85],[912,90],[902,85],[900,75],[900,70]],[[895,95],[905,88],[918,92],[928,105],[932,125],[930,150],[925,170],[918,185],[908,192],[898,188],[890,175],[886,155],[885,135],[888,115],[892,102],[895,95]],[[898,195],[908,192],[915,198],[913,208],[905,212],[898,207],[898,195]],[[882,185],[892,180],[900,185],[902,198],[898,210],[890,215],[883,210],[880,200],[882,185]]] },
  { id:29, name:'Southeast Asia', cx:828, cy:330, terrain:'forest', def:1, adj:[25,27],
    polys:[[[800,260],[820,250],[840,255],[855,270],[860,290],[855,310],[845,325],[830,335],[815,330],[805,315],[798,295],[795,275],[800,260]],[[830,335],[845,340],[855,355],[860,375],[855,395],[845,410],[830,415],[818,405],[810,385],[808,365],[812,345],[820,338],[830,335]]] },
];